model_data/train_data/example0.jpg 5,16,108,122,0 38,40,49,57,6 66,72,79,85,2 36,65,48,76,5 73,101,85,114,3 25,16,38,31,3 
model_data/train_data/example1.jpg 11,10,114,115,0 44,44,57,59,1 92,49,104,62,3 44,70,57,83,4 67,84,79,97,2 46,23,58,36,3 75,40,82,55,6 32,53,41,68,6 21,100,34,114,3 
model_data/train_data/example2.jpg 10,13,113,119,0 75,43,84,59,6 86,63,99,78,3 39,76,51,89,1 39,44,51,56,1 22,70,36,85,3 89,15,103,30,3 
model_data/train_data/example3.jpg 6,13,109,118,0 46,45,59,58,1 29,69,42,81,5 93,49,105,62,3 48,72,60,83,5 67,77,81,91,2 
model_data/train_data/example4.jpg 8,14,111,119,0 57,75,70,88,2 31,37,39,52,6 73,46,87,60,4 55,37,63,52,6 
model_data/train_data/example5.jpg 8,7,111,112,0 67,40,80,53,2 35,42,45,58,6 58,56,71,68,1 33,86,45,100,3 42,66,56,80,2 54,85,68,99,2 25,17,38,31,3 68,72,81,86,1 
model_data/train_data/example6.jpg 12,8,115,113,0 69,73,84,87,5 52,66,63,82,6 41,55,54,68,4 25,35,37,48,3 68,32,83,46,5 59,45,72,58,1 19,90,31,103,3 37,78,49,95,6 
model_data/train_data/example7.jpg 6,11,110,117,0 73,73,86,87,1 44,65,56,78,3 89,102,101,115,3 12,52,26,67,3 71,51,81,67,6 
model_data/train_data/example8.jpg 8,10,112,115,0 55,51,64,66,6 28,48,41,62,1 46,72,59,84,5 72,85,86,98,1 92,16,104,29,3 
model_data/train_data/example9.jpg 8,16,111,121,0 39,67,53,81,4 38,47,51,60,2 79,76,91,89,3 74,51,87,64,2 57,55,70,67,5 78,18,92,32,3 
model_data/train_data/example10.jpg 4,15,107,121,0 71,44,85,58,4 43,69,55,82,1 49,39,61,51,1 66,66,78,83,6 84,92,97,106,3 48,86,58,102,6 27,82,40,96,3 28,46,41,60,3 
model_data/train_data/example11.jpg 5,9,108,114,0 43,43,54,58,6 63,68,76,81,1 37,81,51,96,2 35,61,48,74,1 69,47,82,58,5 77,82,89,95,2 18,37,31,51,3 
model_data/train_data/example12.jpg 13,7,117,112,0 37,68,50,81,4 56,46,70,60,2 35,95,48,109,3 62,84,75,98,4 79,80,93,95,2 77,39,90,50,5 90,99,102,112,3 35,37,47,50,1 
model_data/train_data/example13.jpg 10,9,113,114,0 36,51,49,65,1 48,62,58,77,6 24,67,37,81,3 88,99,100,112,3 67,57,80,70,2 59,35,71,51,6 94,31,107,46,3 74,83,88,97,4 
model_data/train_data/example14.jpg 12,11,115,116,0 55,43,68,57,2 45,73,59,87,4 75,34,89,48,2 71,55,83,68,1 45,17,58,31,3 36,52,49,66,2 29,78,41,91,1 17,98,30,112,3 
model_data/train_data/example15.jpg 9,12,112,117,0 49,43,63,57,5 90,54,103,68,3 70,74,84,88,3 74,43,83,58,6 91,92,104,107,3 49,67,64,81,5 31,71,44,85,2 
model_data/train_data/example16.jpg 6,15,109,120,0 34,77,48,91,2 81,70,91,86,6 50,35,63,48,1 56,69,69,82,1 34,39,47,52,3 
model_data/train_data/example17.jpg 9,8,112,113,0 42,40,55,52,5 70,61,82,74,2 79,85,91,101,6 66,38,80,52,4 21,40,34,54,3 51,83,64,96,1 93,55,106,70,3 
model_data/train_data/example18.jpg 5,7,109,112,0 79,85,91,97,1 59,71,72,85,4 39,41,50,54,3 58,50,73,63,5 77,64,90,77,2 39,66,51,82,6 12,69,25,83,3 53,34,67,47,5 16,49,28,62,3 
model_data/train_data/example19.jpg 4,16,107,121,0 13,32,25,46,3 50,79,61,95,6 71,79,85,92,5 38,40,46,55,6 39,66,52,78,5 30,82,43,95,4 57,53,71,67,2 79,56,91,68,2 29,21,42,35,3 52,17,65,31,3 
model_data/train_data/example20.jpg 3,10,107,115,0 70,47,78,62,6 35,71,47,88,6 68,75,82,89,2 13,36,25,49,3 13,83,26,96,3 17,55,31,69,3 
model_data/train_data/example21.jpg 6,11,110,116,0 31,53,43,65,1 67,58,81,70,5 18,24,31,38,3 30,34,43,51,6 27,79,41,93,2 52,40,65,52,4 71,73,84,85,5 
model_data/train_data/example22.jpg 12,11,115,116,0 61,25,73,38,3 63,61,75,74,1 77,73,91,86,5 71,42,84,56,4 43,84,53,100,6 61,77,74,88,5 26,79,40,93,2 
model_data/train_data/example23.jpg 5,15,108,120,0 61,63,76,77,4 35,35,43,50,6 42,91,56,106,3 65,39,77,52,1 49,26,62,40,3 51,55,58,70,6 
model_data/train_data/example24.jpg 13,11,117,117,0 38,58,52,72,1 67,79,80,92,2 12,76,24,89,3 70,16,82,30,3 29,40,41,53,1 38,77,51,91,4 55,35,68,48,5 72,36,84,52,6 78,61,91,73,1 61,57,74,70,2 
model_data/train_data/example25.jpg 7,17,111,122,0 45,53,56,69,6 20,37,33,51,3 57,73,71,86,2 78,79,91,93,4 30,70,42,83,2 61,38,74,49,5 
model_data/train_data/example26.jpg 10,8,113,113,0 68,45,83,59,5 47,38,61,51,5 46,59,57,75,6 25,38,38,52,3 29,55,42,68,4 67,72,80,86,4 65,89,77,103,3 44,85,57,99,1 
model_data/train_data/example27.jpg 12,7,116,112,0 76,71,88,83,4 32,34,41,49,6 31,64,44,77,1 48,71,62,85,1 68,33,81,46,4 93,95,105,108,3 
model_data/train_data/example28.jpg 12,12,116,117,0 64,79,76,91,1 46,38,60,52,4 28,44,40,60,6 32,63,47,77,5 95,41,108,55,3 74,37,88,51,2 37,82,51,96,1 
model_data/train_data/example29.jpg 10,8,114,113,0 32,63,45,77,1 52,80,64,93,3 41,84,49,99,6 47,41,60,54,2 62,36,70,51,6 91,20,105,34,3 76,48,88,61,2 
model_data/train_data/example30.jpg 9,9,112,115,0 60,79,74,93,2 32,30,44,44,3 31,68,44,80,5 88,87,102,101,3 50,50,63,64,1 70,56,83,70,2 31,85,44,98,4 16,32,28,45,3 78,71,92,84,4 33,50,47,65,1 55,32,69,46,5 
model_data/train_data/example31.jpg 9,17,112,122,0 62,68,76,82,2 64,40,73,54,6 43,48,55,61,3 27,26,40,39,3 27,63,41,76,5 45,72,59,86,2 
model_data/train_data/example32.jpg 8,14,111,119,0 38,78,50,92,4 74,78,88,92,2 51,52,65,66,2 29,40,41,51,5 50,28,62,42,3 67,54,81,67,5 
model_data/train_data/example33.jpg 13,12,116,117,0 27,49,40,63,1 66,63,79,77,4 52,64,64,80,6 74,85,87,99,4 72,99,85,113,3 60,79,73,93,1 48,35,58,50,6 
model_data/train_data/example34.jpg 3,16,107,121,0 29,46,42,60,1 72,38,86,52,5 47,68,59,81,1 75,61,89,75,2 16,98,29,113,3 
model_data/train_data/example35.jpg 4,11,107,116,0 70,55,83,69,3 73,38,87,52,2 41,51,54,64,1 12,16,24,29,3 43,71,58,85,4 95,86,109,101,3 30,74,42,90,6 
model_data/train_data/example36.jpg 8,7,111,112,0 42,82,55,94,5 74,68,87,81,2 70,83,83,96,4 40,52,53,65,2 54,45,67,59,1 23,101,35,114,3 15,49,27,63,3 
model_data/train_data/example37.jpg 13,16,116,121,0 73,67,87,80,2 12,46,24,59,3 66,38,80,52,2 46,74,60,87,5 32,80,45,93,4 46,55,56,71,6 25,24,37,37,3 30,57,45,71,5 
model_data/train_data/example38.jpg 11,10,114,115,0 34,48,48,61,5 88,29,100,42,3 71,34,85,50,6 47,84,59,100,6 47,63,60,77,1 78,75,91,88,2 
model_data/train_data/example39.jpg 5,14,109,119,0 61,64,73,77,1 85,33,98,47,3 33,69,47,83,4 58,22,71,36,3 42,34,52,49,6 60,84,74,99,2 
model_data/train_data/example40.jpg 7,7,110,112,0 51,59,64,72,2 35,37,49,50,5 94,38,106,51,3 63,37,76,52,3 78,56,91,70,1 30,76,39,91,6 76,74,89,87,4 68,101,80,114,3 
model_data/train_data/example41.jpg 13,11,116,116,0 44,54,57,68,4 79,61,91,74,1 58,66,72,81,4 64,48,76,61,1 41,84,54,97,5 38,19,50,32,3 57,82,65,97,6 27,38,41,52,1 63,16,76,30,3 67,82,76,97,6 
model_data/train_data/example42.jpg 3,11,106,116,0 43,54,57,68,2 59,79,72,92,2 29,46,42,60,1 49,34,59,50,6 79,46,93,59,4 32,80,46,93,5 93,65,106,79,3 62,59,74,71,2 61,37,70,52,6 24,16,36,29,3 73,81,86,94,4 
model_data/train_data/example43.jpg 5,8,109,114,0 61,62,74,76,3 49,77,62,91,4 59,41,70,57,6 39,49,51,60,5 28,66,42,80,1 84,74,96,87,3 
model_data/train_data/example44.jpg 12,7,115,112,0 64,79,77,93,2 95,18,108,32,3 46,65,58,78,2 53,34,65,48,3 38,81,51,94,5 30,63,42,76,1 29,35,40,51,6 77,72,88,88,6 69,38,84,53,5 
model_data/train_data/example45.jpg 11,14,114,120,0 69,28,82,42,3 65,97,78,111,3 47,50,60,63,4 31,73,43,89,6 42,91,54,105,3 74,78,87,90,5 71,48,85,62,4 
model_data/train_data/example46.jpg 9,11,112,117,0 27,52,40,65,2 57,51,70,65,3 42,74,53,90,6 72,77,86,91,4 34,32,47,45,4 74,55,83,70,6 
model_data/train_data/example47.jpg 8,15,111,121,0 52,53,66,65,5 71,64,84,78,4 46,35,56,50,6 32,77,45,90,2 61,77,74,93,6 21,44,35,58,3 85,19,98,33,3 30,59,43,70,5 
model_data/train_data/example48.jpg 10,14,113,119,0 50,72,64,86,2 45,42,58,56,3 71,75,84,89,1 14,71,28,85,3 30,54,44,68,5 36,93,49,108,3 
model_data/train_data/example49.jpg 12,7,115,112,0 69,70,83,82,5 67,85,80,97,5 46,58,58,70,1 31,37,46,51,2 48,35,63,50,2 66,25,79,39,3 33,66,42,81,6 
model_data/train_data/example50.jpg 3,10,107,115,0 32,67,44,79,5 12,58,25,72,3 62,84,76,98,2 76,72,90,86,5 49,27,63,42,3 79,57,93,71,3 46,45,59,59,4 
model_data/train_data/example51.jpg 13,8,116,113,0 38,32,51,46,2 53,83,67,97,4 79,80,91,93,1 37,66,49,77,5 56,44,69,57,2 93,77,106,91,3 54,28,66,41,3 75,47,88,60,1 
model_data/train_data/example52.jpg 3,12,106,118,0 62,70,75,82,1 61,35,73,48,2 41,73,55,87,5 27,53,41,66,4 69,52,82,63,5 63,86,73,101,6 16,36,27,49,3 51,52,65,66,1 
model_data/train_data/example53.jpg 5,14,108,120,0 37,40,49,53,3 50,68,65,82,5 66,44,79,58,2 
model_data/train_data/example54.jpg 10,7,113,112,0 44,60,56,73,1 41,80,54,94,3 88,87,102,102,3 79,42,92,54,5 74,76,82,90,6 
model_data/train_data/example55.jpg 4,12,107,117,0 61,58,75,73,2 35,58,47,71,1 40,83,53,96,1 57,37,70,53,6 22,27,34,40,3 64,74,77,89,3 86,15,100,30,3 
model_data/train_data/example56.jpg 13,17,117,122,0 78,59,92,74,2 85,95,98,109,3 52,56,62,72,6 19,96,32,109,3 58,37,70,49,1 41,43,54,56,4 
model_data/train_data/example57.jpg 11,11,115,117,0 62,55,76,70,4 77,35,90,48,5 43,55,56,68,4 74,99,86,112,3 55,81,69,95,2 30,28,43,42,3 43,84,52,99,6 
model_data/train_data/example58.jpg 9,13,112,118,0 74,64,88,77,5 57,55,70,68,2 41,37,54,53,6 32,66,40,80,6 38,82,52,96,2 54,86,63,101,6 81,84,94,98,3 44,19,57,33,3 77,27,89,40,3 
model_data/train_data/example59.jpg 9,11,113,116,0 47,40,60,54,3 43,79,52,95,6 23,89,35,102,3 71,63,85,77,4 56,71,69,85,1 
model_data/train_data/example60.jpg 8,9,112,115,0 72,67,85,79,5 39,52,52,65,1 38,28,51,43,3 53,58,66,72,4 27,82,40,96,4 72,85,82,100,6 
model_data/train_data/example61.jpg 7,9,110,114,0 58,48,69,64,6 39,63,52,76,1 76,65,89,79,3 71,43,85,57,2 39,80,52,94,2 42,43,55,56,4 66,20,80,34,3 
model_data/train_data/example62.jpg 3,15,107,120,0 46,48,60,63,5 59,64,73,78,4 39,67,51,80,2 35,86,49,98,5 80,82,91,98,6 
model_data/train_data/example63.jpg 9,8,112,113,0 72,42,81,58,6 65,81,77,94,4 34,95,46,108,3 54,37,67,51,2 75,18,88,32,3 49,79,62,91,5 28,75,43,90,5 37,64,50,80,6 66,63,79,77,1 
model_data/train_data/example64.jpg 6,16,109,121,0 52,64,60,79,6 92,99,106,113,3 77,47,90,60,5 54,34,61,49,6 34,41,46,52,5 76,72,90,87,4 82,31,95,45,3 17,55,30,69,3 
model_data/train_data/example65.jpg 7,13,111,118,0 38,95,52,110,3 50,64,64,78,2 78,65,93,79,5 64,47,78,60,4 54,80,67,95,3 30,68,41,84,6 28,41,41,52,5 67,95,80,108,3 
model_data/train_data/example66.jpg 11,9,114,114,0 36,86,47,102,6 27,45,39,58,1 57,79,70,92,4 51,57,64,71,1 51,99,63,113,3 75,61,83,75,6 65,38,78,50,5 86,101,99,115,3 
model_data/train_data/example67.jpg 8,8,111,113,0 68,77,81,90,4 68,47,82,61,4 40,34,52,46,1 51,72,64,84,5 35,62,48,76,3 56,53,66,69,6 
model_data/train_data/example68.jpg 7,11,111,116,0 58,37,70,54,6 38,50,50,62,1 78,85,90,98,4 54,22,67,37,3 29,98,42,112,3 61,85,73,98,1 
model_data/train_data/example69.jpg 3,14,107,119,0 37,85,50,101,6 78,58,86,73,6 87,63,100,78,3 36,49,45,64,6 76,88,89,102,3 57,78,70,91,4 55,38,69,52,2 29,66,41,77,5 
model_data/train_data/example70.jpg 7,7,111,112,0 76,53,91,67,5 47,39,59,52,3 64,79,78,93,1 20,23,32,36,3 40,62,53,75,1 28,87,40,103,6 30,39,45,52,5 
model_data/train_data/example71.jpg 12,13,116,118,0 48,38,61,50,5 28,46,41,60,3 80,53,90,69,6 37,77,50,90,4 70,84,84,97,2 57,71,70,85,1 41,59,54,76,6 16,100,29,113,3 65,57,80,72,2 
model_data/train_data/example72.jpg 11,15,115,120,0 64,61,77,72,5 51,76,59,91,6 34,79,47,93,1 30,57,44,71,2 56,35,69,48,4 69,74,82,88,1 77,92,91,106,3 17,59,29,72,3 38,42,52,56,1 
model_data/train_data/example73.jpg 8,12,112,117,0 35,53,48,67,1 28,73,41,90,6 50,26,64,41,3 66,86,76,102,6 68,62,82,77,2 53,61,67,75,2 67,38,82,52,5 17,24,30,37,3 90,26,103,41,3 
model_data/train_data/example74.jpg 10,7,113,112,0 39,67,52,81,3 47,54,60,65,5 63,85,76,101,6 78,79,91,90,5 63,31,76,45,3 67,60,80,73,4 
model_data/train_data/example75.jpg 5,10,108,116,0 35,33,48,46,4 57,69,65,83,6 73,18,86,32,3 29,51,43,64,5 70,49,83,63,2 51,47,64,64,6 71,76,86,90,5 34,73,47,86,2 
model_data/train_data/example76.jpg 7,14,111,119,0 55,57,68,72,3 34,72,47,86,3 48,33,60,46,2 62,39,76,53,2 59,77,71,90,4 78,62,90,73,5 74,85,87,98,1 27,43,41,57,4 
model_data/train_data/example77.jpg 7,17,111,122,0 39,53,54,68,5 64,76,76,92,6 88,81,101,96,3 57,44,71,58,4 69,19,81,32,3 
model_data/train_data/example78.jpg 5,11,108,116,0 31,80,45,94,2 76,71,88,87,6 56,37,68,50,1 33,36,47,48,5 52,60,64,76,6 53,78,66,92,4 70,52,83,63,5 
model_data/train_data/example79.jpg 4,7,107,113,0 52,44,66,58,5 92,86,104,100,3 43,80,57,94,4 31,43,44,57,2 50,23,64,37,3 15,79,28,92,3 52,63,61,79,6 67,76,76,91,6 63,61,76,74,1 
model_data/train_data/example80.jpg 9,8,112,113,0 70,73,82,85,1 52,83,66,97,4 76,42,89,56,4 31,34,43,46,5 48,55,61,68,2 34,69,44,84,6 
model_data/train_data/example81.jpg 7,14,110,119,0 74,70,88,84,1 43,77,56,90,5 16,58,29,72,3 57,81,70,97,6 32,53,45,66,2 76,45,89,57,4 92,57,105,71,3 
model_data/train_data/example82.jpg 5,14,108,119,0 48,70,62,84,2 56,88,70,102,3 41,35,55,49,2 92,20,105,34,3 81,79,90,94,6 28,49,42,64,4 66,17,79,30,3 71,54,78,68,6 
model_data/train_data/example83.jpg 6,15,109,120,0 53,36,67,50,2 27,81,41,97,6 78,84,90,95,5 45,65,58,78,4 52,82,65,98,6 62,50,75,62,5 29,34,43,48,1 18,64,31,78,3 83,24,96,38,3 
model_data/train_data/example84.jpg 3,16,107,122,0 73,39,87,53,1 60,59,74,71,5 53,73,66,86,1 46,50,58,66,6 72,81,86,94,5 19,57,32,71,3 35,83,46,99,6 
model_data/train_data/example85.jpg 7,9,110,114,0 63,80,72,95,6 74,70,87,83,3 42,38,56,50,5 58,48,72,61,5 27,37,41,51,2 81,84,95,99,3 79,40,91,56,6 
model_data/train_data/example86.jpg 4,12,107,118,0 50,67,60,83,6 66,72,80,86,4 27,58,40,70,5 28,80,40,93,3 52,51,65,64,5 83,49,96,63,3 
model_data/train_data/example87.jpg 5,13,108,119,0 29,48,43,62,5 54,60,67,71,5 63,79,72,94,6 54,44,67,56,2 36,69,49,82,1 88,38,100,52,3 93,70,106,84,3 
model_data/train_data/example88.jpg 5,14,109,119,0 67,63,82,77,2 43,100,56,114,3 54,32,67,46,2 45,56,58,70,3 34,71,47,85,2 71,82,83,95,1 54,86,66,98,1 
model_data/train_data/example89.jpg 12,7,115,112,0 74,49,87,63,3 27,35,40,49,1 59,34,72,48,3 26,67,39,82,3 52,84,64,100,6 33,83,45,97,1 79,85,89,101,6 61,70,74,82,5 57,55,70,68,4 
model_data/train_data/example90.jpg 7,15,111,121,0 13,90,25,104,3 52,49,66,63,4 33,80,46,94,2 74,62,86,78,6 76,87,85,102,6 
model_data/train_data/example91.jpg 12,15,115,120,0 51,39,64,55,6 70,79,84,92,5 31,61,42,76,6 46,83,59,96,4 46,65,59,79,3 63,33,76,47,1 78,37,91,49,5 31,45,43,57,1 72,53,86,67,2 
model_data/train_data/example92.jpg 7,11,110,117,0 39,77,53,91,4 66,38,73,52,6 70,75,82,86,5 76,60,88,73,3 34,39,47,52,4 47,60,62,74,2 50,17,64,31,3 21,54,34,67,3 50,43,64,57,5 
model_data/train_data/example93.jpg 10,8,113,113,0 20,93,32,107,3 76,70,90,84,5 45,69,58,83,1 73,37,85,51,4 55,47,69,60,5 55,98,67,112,3 
model_data/train_data/example94.jpg 10,7,113,113,0 48,81,55,96,6 78,42,91,55,4 79,58,91,70,1 29,36,43,50,4 31,79,42,95,6 13,49,25,62,3 
model_data/train_data/example95.jpg 12,10,115,115,0 33,44,46,57,1 61,35,74,47,2 65,73,78,86,4 49,94,63,108,3 54,48,67,63,4 34,96,46,109,3 94,89,107,103,3 
model_data/train_data/example96.jpg 12,16,115,121,0 72,85,82,101,6 49,50,61,66,6 60,63,72,76,4 49,33,61,46,4 49,79,62,92,4 75,68,88,82,2 28,52,40,68,6 64,19,77,33,3 21,85,34,99,3 
model_data/train_data/example97.jpg 7,12,110,117,0 76,61,91,74,5 57,81,71,95,2 28,64,42,78,2 35,85,50,98,5 18,46,31,61,3 57,55,70,67,4 81,94,94,109,3 87,23,99,36,3 41,49,53,62,1 
model_data/train_data/example98.jpg 6,9,110,114,0 43,73,57,85,5 76,52,90,66,2 75,80,84,95,6 45,38,58,52,3 29,64,42,78,1 21,88,33,101,3 
model_data/train_data/example99.jpg 6,16,109,121,0 43,73,58,88,2 68,62,81,74,5 29,63,43,77,4 42,32,57,45,5 60,85,73,98,3 73,42,85,55,4 84,63,97,77,3 
